*begin "version 14.0.0.88  2-9-2018  13:54:14"
*menufilterset "*"
*menufilterdisable 
*viewset 1 0 0 0 0 1 0 0 0 0 1 0 0 0 0 1 0 0 10 10
*readfile "C:\\Users\\dhruvin jasoliya\\Desktop\\Stress Sheets Generator\\FE_Model\\FE_model_dummy.hm"
*setgeomrefinelevel 1
*menufont 2
*ME_CoreBehaviorAdjust "allowable_actions_policy=TC_lite"
*settopologydisplaymode 0
*settopologydisplaymode 0
*settopologydisplaymode 0
*settopologydisplaymode 0
*settopologydisplaymode 0
*settopologydisplaymode 0
*settopologydisplaymode 0
*settopologydisplaymode 0
*settopologydisplaymode 0
*rotateabout 0 0 0 0
*viewset -0.899063024 -0.0858232439 -0.42932511 0 -0.42251581 -0.0869169209 0.902178385 0 -0.114743492 0.992511874 0.0418821123 0 1579.77616 -216.097463 -350.397707 1 31.9420072 -147.488864 1674.34424 557.19047
*rotateabout 0 0 0 0
*viewset -0.192269685 0.220753763 -0.956190433 0 -0.943757108 0.225482864 0.241826381 0 0.26898864 0.9489074 0.164984414 0 1308.13829 -505.357074 301.500059 1 507.870585 56.7102218 1198.41566 352.991385
*rotateabout 0 0 0 0
*viewset 0.114902461 0.124955185 0.985486492 0 -0.297446648 -0.942212086 0.154148879 0 0.947798985 -0.31084174 -0.0710949867 0 354.940268 932.111682 -614.652563 1 272.466245 -44.2909645 1433.82 453.992571
*rotateabout 0 0 0 0
*viewset 0.638510023 -0.265860964 -0.722234656 0 0.504892743 -0.563566029 0.653816984 0 -0.580851331 -0.782119734 -0.225611286 0 293.774997 1152.11272 113.489731 1 364.854017 -4.65161616 1341.43222 414.353223
*rotateabout 0 0 0 0
*viewset 0.613813376 0.148308572 -0.775395194 0 0.644775853 -0.66091376 0.384001435 0 -0.455518649 -0.735661314 -0.501303492 0 236.952021 931.77677 459.972248 1 364.854017 -4.65161616 1341.43222 414.353223
*rotateabout 0 0 0 0
*viewset 0.52458154 0.376230951 -0.763717539 0 0.685855244 -0.718225695 0.117279308 0 -0.504397454 -0.585322239 -0.634807912 0 286.97767 760.343866 693.0245 1 364.854017 -4.65161616 1341.43222 414.353223
*rotateabout 0 0 0 0
*viewset 0.788938656 0.111315088 -0.604305178 0 0.508080141 -0.671282431 0.539661438 0 -0.345586989 -0.73279523 -0.586157645 0 271.909624 984.572782 309.229667 1 680.506853 130.780513 1025.77939 278.921094
*rotateabout 0 0 0 0
*viewset -0.36947412 0.885028681 -0.283219189 0 -0.571431643 -0.456740664 -0.681801909 0 -0.732771964 -0.0900677539 0.674487248 0 1818.10995 115.572017 239.783366 1 364.854017 -4.65161616 1341.43222 414.353223
*rotateabout 0 0 0 0
*viewset -0.894740989 0.325626686 0.305623663 0 -0.373054708 -0.168775743 -0.9123294 0 -0.245496938 -0.930312856 0.272487143 0 1732.12158 690.92491 265.397148 1 364.854017 -4.65161616 1341.43222 414.353223
*rotateabout 0 0 0 0
*viewset -0.918773772 0.254305962 0.301965617 0 -0.0673622547 0.652684204 -0.754629483 0 -0.388994965 -0.713674861 -0.582538505 0 1627.14512 95.5456613 617.512622 1 364.854017 -4.65161616 1341.43222 414.353223
*rotateabout 0 0 0 0
*viewset 0.594695722 -0.332054796 0.732172528 0 0.697150104 0.666568521 -0.263947229 0 -0.400398216 0.667402442 0.627897483 0 297.733488 -304.120595 -574.211838 1 364.854017 -4.65161616 1341.43222 414.353223
*rotateabout 0 0 0 0
*viewset 0.73972772 -0.485478381 0.46595455 0 0.660708218 0.655262116 -0.366191493 0 -0.127544312 0.578741998 0.805475107 0 95.337404 -163.649829 -452.503169 1 364.854017 -4.65161616 1341.43222 414.353223
*rotateabout 0 0 0 0
*viewset 0.413695221 -0.181999605 0.892038345 0 0.681188742 0.711939891 -0.170656059 0 -0.604018346 0.678246073 0.418502212 0 600.809122 -460.071699 -613.445229 1 750.492982 160.808345 955.79326 248.893262
*rotateabout 0 0 0 0
*viewset 0.485779595 -0.315599849 0.815116507 0 0.502633159 0.863795197 0.0348964861 0 -0.71510705 0.392752584 0.578245031 0 755.950672 -329.896365 -784.641344 1 822.625052 191.756902 883.66119 217.944705
*rotateabout 0 0 0 0
*viewset 0.556034317 -0.111514855 0.823644508 0 0.57973231 0.76214213 -0.288183662 0 -0.59559742 0.637733338 0.488425943 0 532.47688 -507.925412 -537.02781 1 562.804683 80.2799194 1143.48156 329.421687
*vectorsoff 
*ME_CoreBehaviorAdjust "allowable_actions_policy=TC_lite"
*settopologydisplaymode 0
*settopologydisplaymode 0
*elementchecksettings 6 0 0 1 1 6 0 6 0 6 6 6 0 0 0 0 0 0 0 0 0 0 0
*templatefileset "C:/Program Files/Altair/14.0/templates/feoutput/optistruct/optistruct"
*setmacrofile "C:/Program Files/Altair/14.0/hm/scripts/UserProfiles/../optistruct/opti.mac"
*enablemacromenu 1
*createstringarray 1 "CONNECTORS_SKIP "
*feoutputwithdata "C:/Program Files/Altair/14.0/templates/feoutput/optistruct/optistruct" "C:/Users/dhruvin jasoliya/Desktop/Stress Sheets Generator/FE_Model/results/FE_model_dummy.fem" 1 0 2 1 1
*rotateabout 0 0 0 0
*viewset 0.38868285 -0.0491742989 0.920058439 0 0.638477581 0.734319454 -0.230480622 0 -0.664283087 0.677020552 0.316814066 0 662.373244 -549.422507 -537.738155 1 834.996969 197.065123 871.289274 212.636484
*rotateabout 0 0 0 0
*viewset 0.793141458 -0.262422696 0.549600724 0 0.587583309 0.56711787 -0.577168239 0 -0.160226347 0.780712271 0.60399989 0 -123.425912 -329.878502 -259.686466 1 162.598048 -91.4303597 1543.68819 501.131966
*createmark nodes 1 1454015
*positionmark nodes 1 0 0 0 0 0 0
*numbers 1
*createmark nodes 1 1454011
*numbersmark nodes 1 1
*createmark nodes 1
*numbersmark nodes 1 0
*createmark nodes 1 1454011
*numbersmark nodes 1 0
*numbers 1
*createmark nodes 1 1454009
*numbersmark nodes 1 1
*createmark nodes 1 1453948
*numbersmark nodes 1 1
*createmark nodes 1 1454011
*numbersmark nodes 1 1
*rotateabout 0 0 0 0
*viewset 0.974763965 -0.223053855 -0.00906586822 0 0.162632333 0.737364305 -0.655625355 0 0.152924611 0.637605567 0.755031923 0 95.0193567 -435.350267 25.9892612 1 680.506853 130.780513 1025.77939 278.921094
*rotateabout 0 0 0 0
*viewset 0.202169641 -0.959661298 0.195390966 0 -0.804847981 -0.276477643 -0.525147446 0 0.557984914 -0.0510911535 -0.828276844 0 760.461239 990.817658 661.35278 1 272.466245 -44.2909645 1433.82 453.992571
*rotateabout 0 0 0 0
*viewset -0.474117307 -0.440958112 0.762081835 0 -0.85540662 0.435708785 -0.280066721 0 -0.208548058 -0.784674326 -0.583775564 0 1577.93079 632.040846 57.098149 1 272.466245 -44.2909645 1433.82 453.992571
*rotateabout 0 0 0 0
*viewset -0.737353652 -0.152200867 0.658137135 0 -0.675446029 0.153040008 -0.721353878 0 0.00906937287 -0.976429031 -0.21564808 0 1497.69125 749.469935 202.145609 1 272.466245 -44.2909645 1433.82 453.992571
*rotateabout 0 0 0 0
*viewset -0.642158838 -0.0989790043 0.76015471 0 -0.758338787 0.226966027 -0.611071768 0 -0.112046019 -0.968859938 -0.220807858 0 1744.41138 513.670862 77.2483302 1 750.492982 160.808345 955.79326 248.893262
*createmark nodes 1 2633205
*numbersmark nodes 1 1
*createmark nodes 1 2633168
*numbersmark nodes 1 1
*createmark nodes 1 2633208
*numbersmark nodes 1 1
*rotateabout 0 0 0 0
*viewset -0.652039977 -0.0544151581 0.756229369 0 -0.7459709 0.224352315 -0.627051397 0 -0.135540709 -0.972987682 -0.186878803 0 1873.2543 479.01367 71.7463756 1 680.506853 130.780513 1025.77939 278.921094
*viewset -0.75731619 0.164386563 0.632019973 0 -0.552863267 0.353721595 -0.754468847 0 -0.347583654 -0.9207921 -0.176995798 0 1921.71607 245.871578 217.564554 1 680.506853 130.780513 1025.77939 278.921094
*rotateabout 0 0 0 0
*viewset -0.74908895 0.163160517 0.642062607 0 -0.627484716 0.136042439 -0.766652063 0 -0.21243511 -0.977175061 0.000472842871 0 1893.29464 414.463524 126.191644 1 680.506853 130.780513 1025.77939 278.921094
*rotateabout 0 0 0 0
*viewset -0.730800291 0.544106262 0.412164179 0 -0.016743651 0.58935176 -0.80770301 0 -0.68238595 -0.597170728 -0.421588113 0 1740.17597 -308.041159 504.259395 1 507.870585 56.7102218 1198.41566 352.991385
*rotateabout 0 0 0 0
*viewset -0.1856866 0.238861392 -0.953134682 0 0.96683716 -0.128683282 -0.220604892 0 -0.175346491 -0.962489402 -0.207045309 0 693.049648 476.784528 789.269714 1 -123.435086 -214.154036 1829.72133 623.855642
*rotateabout 0 0 0 0
*viewset 0.875320889 -0.076114213 -0.477514363 0 0.318324725 -0.652650226 0.687544218 0 -0.363981744 -0.753826445 -0.547049341 0 605.172678 877.420487 123.165452 1 -123.435086 -214.154036 1829.72133 623.855642
*rotateabout 0 0 0 0
*viewset 0.905000266 -0.415517293 0.0912134703 0 -0.313148728 -0.505557336 0.803958739 0 -0.28794512 -0.756146255 -0.587648236 0 949.332605 976.847328 -250.435106 1 -123.435086 -214.154036 1829.72133 623.855642
*rotateabout 0 0 0 0
*viewset 0.809150695 -0.375283297 0.452147762 0 -0.566131522 -0.291797237 0.770940641 0 -0.157385678 -0.879782257 -0.448567642 0 971.239392 977.54206 -506.453737 1 750.492982 160.808345 955.79326 248.893262
*createmark nodes 1 2633212
*numbersmark nodes 1 1
*createmark nodes 1 2633224
*numbersmark nodes 1 1
*createmark nodes 1 2633213
*numbersmark nodes 1 1
*numbersclear 
*numbers 1
*createmark nodes 1 "all"
*numbersmark nodes 1 1
*createmark nodes 1
*numbersmark nodes 1 0
*numbersclear 
*numbers 1
*createmark nodes 1
*numbersmark nodes 1 1
*numbers 1
*createmark nodes 1 2632515 2632520 2632521 2632523-2632563 2632567-2632598 \
  2632612-2632692 2633141-2633164 2633203-2633268 2633832-2633838 2633840-2633863 \
  2633867-2633876 2633881-2633883 2633885 2633886 2640831 2640832 2640844 2640845 \
  2640848 2641507 2641512 2641513 2641520 2641526 2641527 2642521 2642688 2642689 \
  2642693-2642695 2642698 2642699 2642701 2642702 2643204 2643207-2643212 2643215-2643217 \
  2643231 2643232 2643235-2643237 2644836 2644841 2644842 2644845 2644846 2644849 \
  2644850 2644872-2644874 2644876-2644880 2644882-2644884 2644889-2644891 2644895 \
  2644896 2644923 2644924 2644929-2644931 2644936 2644937 2644941 2644942 2644946 \
  2644947 2644953 2644958-2644960 2644963-2644965 2644968 2644969 2644972-2644974 \
  2644976 2644977 2644979-2644983 2644986-2644989 2644991-2644994 2645002 2645004 \
  2645009 2645012 2645013 2645016 2645017 2645020 2645021 2645023 2645028 2645029 \
  2645041 2645042 2645045 2645046 2645048 2645050-2645055 2645057 2645815 2645818-2645821 \
  2645826-2645830 2645836 2645837 2645841-2645843 2645847 2645848 2645854-2645859 \
  2645862 2645864-2645869 2645871-2645874 2645876 2645878-2645880 2645894-2645896 \
  2645898-2645902 2645904-2645908 2645912 2645913 2662321 2662327-2662329 2662344 \
  2662345 2662351-2662353 2662359-2662361 2662363-2662365 2662372 2662373 2662377-2662381 \
  2662388-2662390 2662396-2662398 2662405-2662407 2662413-2662415 2662421-2662423 \
  2662429-2662433 2662438-2662441 2662448 2662453 2662454 2662458 2662459 2662464 \
  2662469 2662470 2662474 2662475 2662478 2662483-2662486 2662490 2662491 2662501 \
  2662509 2662514-2662516 2662520-2662523 2662534-2662536 2662546-2662549 2662558-2662561 \
  2662565-2662568 2662571-2662573 2662578-2662580 2662587-2662592 2662597-2662601 \
  2662605-2662609 2662615-2662620 2662624-2662628 2662632-2662635 2662638 2662641 \
  2662642 2662645-2662647 2662650-2662652 2662655-2662657 2662660-2662662 2662665-2662667 \
  2662670-2662672 2662674 2662675 2662679 2662680 2662684-2662687 2662690 2662691 \
  2662695-2662698 2662702-2662705 2662707 2662708 2662710 2662712-2662744 2662746 \
  2662747 2662749-2662752 2662754-2662756 2662760 2662761 2662763-2662766 2662769-2662771 \
  2662774-2662778 2662781-2662785 2662788 2662790-2662793 2662879 2662880 2662883-2662885 \
  2662888-2662890 2662892 2662899 2662904 2662909 2662914 2662919 2662924 2662930 \
  2662934 2662937 2662938 2662941 2662943 2662946 2662947 2662952-2662954 2662959 \
  2662960 2662964-2662966 2662970-2662972 2662977-2662979 2662983-2662985 2662990-2662992 \
  2662998-2663000 2663005-2663007 2663012-2663014 2663018-2663021 2663027-2663029 \
  2663033 2663034 2663038 2663039 2663042-2663044 2663054 2663080-2663083 2663090 \
  2663094 2663099 2663103 2663108 2663111 2663119 2663122 2663123 2663129 2663132 \
  2663135-2663138 2663141-2663144 2663148 2663149 2663151 2663154-2663156 2663159 \
  2663162-2663166 2663170-2663173 2663177-2663181 2663184-2663190 2663194-2663198 \
  2663201-2663205 2663207-2663211 2663216-2663220 2663223-2663227 2663230-2663234 \
  2663237-2663241 2663244-2663248 2663250-2663254 2663256 2663257 2663260-2663262 \
  2663270-2663274 2663278-2663282 2663287-2663292 2663296-2663300 2663454 2663455 \
  2663474 2666641 2666646 2666647 2666649 2666650 2666653 2666654 2666659 2666663 \
  2666666 2666670-2666672 2666677-2666679 2666684-2666686 2666689-2666692 2666695 \
  2666704 2666708 2666709 2666713 2666714 2666717 2666721-2666723 2666727 2666728 \
  2666733 2666734 2666739 2666740 2666749 2666754-2666756 2666759 2666760 2666762 \
  2666764 2666765 2666770-2666775 2666780 2666782 2666783 2666790 2666800 2666806-2666808 \
  2666811-2666814 2666818-2666821 2666823-2666826 2666830-2666832 2666836-2666838 \
  2666840-2666843 2666846-2666850 2666853-2666857 2666860-2666864 2666870 2666873 \
  2666880 2666884 2666885 2666887 2666890-2666892 2666896 2666897 2666899-2666901 \
  2666904-2666908 2666910-2666914 2666919-2666923 2666926-2666930 2666934-2666938 \
  2666941-2666945 2666950 2666955 2666962 2666965 2666966 2666968 2666970 2666972 \
  2667057-2667061 2667065-2667069 2667073-2667077 2667109-2667113 2667128-2667134 \
  2667165 2667166 2667194-2667198 2667200 2667307 2667308 2667310
*numbersmark nodes 1 1
*rotateabout 0 0 0 0
*viewset 0.428707193 -0.427880394 -0.795693729 0 -0.514658298 -0.839521069 0.174158581 0 -0.742520692 0.334847344 -0.580120916 0 1422.58443 732.408583 646.167456 1 731.070845 152.475198 975.215397 257.226408
*rotateabout 0 0 0 0
*viewset 0.4612271 -0.875043735 -0.146860561 0 -0.852986274 -0.482856882 0.198150571 0 -0.244303048 0.0338776298 -0.969106974 0 1624.06519 702.975413 469.458282 1 -527.947025 -387.711523 2234.23327 797.413129
*rotateabout 0 0 0 0
*viewset 0.925769249 0.323078065 0.196397202 0 -0.199208108 -0.0246967679 0.979645956 0 0.321352496 -0.946050016 0.0414962618 0 648.885507 251.646221 -752.61654 1 -527.947025 -387.711523 2234.23327 797.413129
*rotateabout 0 0 0 0
*viewset 0.509255004 0.308884841 0.803274234 0 -0.79780084 -0.180607639 0.575234474 0 0.322758672 -0.933793894 0.154453242 0 916.433222 543.167843 -897.908008 1 731.070845 152.475198 975.215397 257.226408
*numbersclear 
*rotateabout 0 0 0 0
*viewset -0.0457756894 0.0250559765 0.998637464 0 -0.520069543 0.852925025 -0.0452390511 0 -0.852896393 -0.521431778 -0.0260123808 0 1476.75545 -282.271185 -519.2134 1 31.9420072 -147.488864 1674.34424 557.19047
*rotateabout 0 0 0 0
*viewset 0.346057155 0.924203335 0.161532166 0 0.801167053 -0.201499647 -0.563497333 0 -0.488237441 0.324416533 -0.810171657 0 224.651699 -565.711113 695.284202 1 31.9420072 -147.488864 1674.34424 557.19047
*rotateabout 0 0 0 0
*viewset 0.893114784 -0.447720609 -0.0434998731 0 -0.241689684 -0.559173986 0.793038808 0 -0.379383815 -0.697761213 -0.607616006 0 520.665564 974.061876 -156.939558 1 31.9420072 -147.488864 1674.34424 557.19047
*numbers 1
*createmark nodes 1 156054 156058-156065 156067-156076 156078-156088 157582 \
  157649 158749-158830 158834 158835 158837 158838 158848-158860 159595-159706 \
  160602-160608 1380120-1380128 1380130-1380132 1380134-1380149 1380151-1380153 \
  1380157-1380160 1380162-1380170 1380173 1380174 1380178 1380184-1380187 1380190-1380192 \
  1380195-1380198 1380200 1380201 1380203 1380205 1386904-1386906 1386911-1386915 \
  1386920-1386922 1386947 1386951 1386952 1386961 1386967 1386968 1386979 1386980 \
  1386985-1386988 1387081-1387083 1387088-1387092 1387096 1387097 1387109 1387110 \
  1387112 1387118 1387119 1387122 1387124-1387126 1387420 1387421 1387428 1387429 \
  1387434 1387435 1387439 1387440 1387442-1387444 1387447 1387448 1387877-1387879 \
  1387883-1387885 1387887-1387889 1387893 1388370 1388371 1388373-1388375 1388380 \
  1388382-1388385 1388390 1388391 1388586-1388589 1388594-1388596 1388600-1388603 \
  1388607-1388609 1388614 1388615 1388623-1388625 1388630-1388632 1388637 1388643-1388647 \
  1388652-1388657 1388668 1388672 1388676 1388682 1388686 1388687 1388693-1388695 \
  1388705-1388707 1388713-1388715 1388719 1388724-1388726 1388731 1388732 1388737 \
  1388738 1388745 1388746 1388753 1388754 1388764 1388765 1388809 1388812-1388814 \
  1388817-1388820 1388823-1388825 1388828-1388830 1388832-1388834 1388838 1388839 \
  1388930-1388932 1388937 1388940 1388941 1388946-1388950 1388957 1388966 1388973 \
  1388975 1388980-1388984 1388989-1388993 1388998-1389002 1389008-1389011 1389016-1389021 \
  1389024-1389027 1389031-1389034 1389075 1389078 1389082 1389083 1389086-1389090 \
  1389095-1389098 1389103-1389106 1389111 1389112 1389116-1389118 1389122 1389123 \
  1389128-1389130 1389135-1389139 1389144-1389147 1389151-1389153 1389157-1389161 \
  1390088 1390097 1390098 1390108 1390109 1390117 1390118 1390122 1390159 1390177 \
  1390178 1390181 1390182 1390186 1390187 1390190 1390200 1390201 1390207 1390214 \
  1390223 1390224 1390228 1390233 1390234 1390236 1390240 1390247 1390248 1390260-1390264 \
  1390269-1390272 1390276-1390280 1390285-1390289 1390293-1390296 1390299 1390300 \
  1390305-1390308 1390311-1390315 1390319 1390320 1390322 1390323 1390327 1390328 \
  1390330 1390331 1390339-1390341 1390347-1390349 1390353-1390355 1390360-1390362 \
  1390368-1390371 1390373-1390377 1390380-1390385 1390388 1390389 1390391 1390392 \
  1390396 1390397 1390399-1390401 1390403 1390404 1390406-1390408 1390412-1390416 \
  1390421-1390426 1390429-1390431 1390435 1390436 1390440 1390450 1390459-1390466 \
  1390472-1390475 1390478-1390480 1390483 1390485-1390488 1390491-1390493 1390500 \
  1390507-1390510 1390512-1390517 1390520-1390524 1390526-1390531 1390535-1390539 \
  1390543-1390546 1390552-1390555 1390557 1390558 1390560 1390561 1390566 1390567 \
  1390574 1390581 1390585-1390589 1390592 1390594-1390597 1390601-1390603 1390607 \
  1390610-1390614 1390617-1390619 1390622-1390624 1390627-1390631 1390634-1390638 \
  1390644-1390650 1390655-1390657 1390660-1390662 1390669-1390674 1390678-1390682 \
  1390687-1390696 1390698-1390702 1390704-1390708 1390710 1390712-1390715 1390718 \
  1390719 1390721-1390723 1390725-1390728 1390765-1390770 1390772 1390780-1390784 \
  1390789-1390791 1390796-1390799 1390802-1390807 1390810-1390812 1390816-1390822 \
  1390826 1390832-1390836 1390839-1390844 1390847-1390849 1390851 1390852 1390854-1390857 \
  1390862-1390865 1390870-1390873 1390877 1390878 1390884 1390895-1390898 1390900-1390904 \
  1390909-1390912 1390917-1390921 1390924 1390926 1390927 1390931 1390934-1390936 \
  1390946-1390949 1390953-1390961 1390963 1390964 1390967 1390968 1390971-1390974 \
  1390976-1390978 1390981-1390983 1390986 1390991 1390992 1390994 1390995 1390997-1390999 \
  1391003-1391005 1391010-1391012 1391014-1391016 1391018 1391022-1391025 1391032-1391034 \
  1391036-1391038 1391040 1391041 1391043-1391045 1391050-1391054 1391060-1391064 \
  1391069-1391073 1391078-1391080 1391086-1391088 1391094 1391095 1391101 1391102 \
  1391115-1391117 1391119 1391125 1391135-1391140 1391143-1391147 1391150-1391154 \
  1391158-1391162 1391165-1391169 1391173-1391178 1391182-1391186 1391193-1391197 \
  1391201-1391205 1391208-1391211 1391215 1391216 1391221 1391226 1391230 1391233 \
  1391234 1391239 1391240 1391243 1391253-1391258 1391263-1391267 1391270-1391274 \
  1391278-1391282 1391288-1391292 1391296-1391301 1391306-1391310 1391313-1391317 \
  1391321-1391325 1391330-1391333 1391336 1391337 1391340 1391343 1391346 1391349 \
  1391350 1391353 1391354 1391357 1391390-1391395 1391397-1391411 1391413-1391425 \
  1391494-1391496 1391499 1391501-1391503 1391507-1391509 1391512-1391514 1391516 \
  1391518-1391520 1391523-1391525 1391528 1391530-1391532 1391537-1391539 1391542 \
  1391543 1391546 1391547 1391550-1391554 1391556 1391557 1391559-1391561 1391564-1391568 \
  1391572 1391573 1391575-1391577 1391581 1391583 1391584 1391588 1391589 1391591-1391593 \
  1391596 1391600-1391602 1391607-1391609 1391612-1391614 1391618 1391621-1391623 \
  1391625 1391626 1391630-1391632 1391636 1391637 1391641 1391642 1391645-1391647 \
  1391650-1391652 1391655 1391656 1391659-1391661 1391663-1391665 1391668-1391670 \
  1391673-1391675 1391677-1391679 1391682-1391685 1391687 1391688 1391877-1391880 \
  1391885-1391887 1391891-1391895 1391900-1391903 1391909-1391912 1391916-1391919 \
  1391923-1391926 1391931-1391934 1391936-1391939 1391942-1391944 1391948-1391951 \
  1391956 1391957 1391962-1391966 1391970-1391973 1391975 1391976 1391979 1391984 \
  1391985 1391991-1391996 1392001-1392004 1392007-1392010 1392013-1392016 1392019-1392022 \
  1392029-1392031 1392036-1392041 1392043 1392045 1392047 1392048 1392050-1392052 \
  1392054 1392061 1392065 1392070 1392071 1392074-1392077 1392079-1392103 1392105-1392115 \
  1392117-1392139 1392141 1392142 1392145 1392146 1392152 1392159-1392161 1392165-1392167 \
  1392171 1392172 1392177 1392182 1392183 1392185-1392187 1392189 1392190 1392195 \
  1392198 1392202 1392204 1392205 1392208-1392210 1392212 1392216 1392220 1392225 \
  1392229 1392230 1392234-1392237 1392242-1392244 1392248-1392251 1392256-1392258 \
  1392263 1392264 1392268 1392273 1392276 1392277 1392280-1392282 1392285 1392286 \
  1392289-1392292 1392297 1392300-1392303 1392306-1392310 1392314 1392315 1392318-1392322 \
  1392324 1392329-1392331 1392336 1392337 1392342 1392351 1392353 1392354 1392359-1392361 \
  1392365 1392370 1392374 1392381 1392390-1392392 1392396-1392398 1392402-1392404 \
  1392409-1392411 1392415-1392417 1392420-1392422 1392424-1392426 1392429-1392431 \
  1392436-1392438 1392441 1392442 1392444 1392445 1392448 1392451 1392454 1392457 \
  1392458 1392462 1392463 1392466 1392474-1392476 1392478-1392480 1392484-1392486 \
  1392492-1392494 1392499-1392501 1392506-1392508 1392510-1392512 1392516-1392518 \
  1392522-1392524 1392530 1392531 1392534 1392535 1392538 1392541 1392544 1392549 \
  1392550 1392553 1392554 1392557 1392564-1392568 1392570-1392572 1392575 1392576 \
  1392579-1392582 1392585 1392586 1392589-1392592 1392596 1392600-1392602 1392605-1392608 \
  1392611 1392783-1392787 1392792-1392795 1392799-1392802 1392806-1392809 1392814-1392818 \
  1392821-1392824 1392828-1392831 1392835-1392837 1392841 1392844 1392845 1392849-1392851 \
  1392854-1392856 1392859 1392860 1392865 1392866 1392871-1392873 1392877-1392879 \
  1392883-1392885 1392889 1392891 1392892 1392896-1392899 1392903-1392905 1392908-1392910 \
  1392913 1392914 1392917-1392919 1392923-1392925 1392928 1392929 1392933-1392935 \
  1392939-1392941 1392946 1392947 1392951-1392953 1392957-1392959 1392962 1392963 \
  1392966-1392968 1392971 1392972 1392975 1392979 1392982 1392987 1392989 1392990 \
  1392993 1392994 1392999 1393000 1393005 1393006 1393013 1393014 1393019 1393020 \
  1393034-1393037 1393039-1393044 1393047-1393049 1393052 1393055-1393058 1393061-1393064 \
  1393067-1393070 1393073-1393075 1393078 1393081-1393083 1393085 1393088-1393090 \
  1393094-1393096 1395662-1395665 1395669-1395671 1395674-1395676 1395679 1395685 \
  1395686 1395690-1395694 1395697 1395700-1395702 1395706-1395709 1395711-1395713 \
  1395726 1395727 1395733 1395741-1395744 1395750-1395753 1395758-1395760 1395764-1395767 \
  1395771-1395775 1395778-1395784 1395787-1395789 1395792 1395796 1395806 1395807 \
  1395809 1395813-1395816 1395822-1395824 1395829-1395831 1395837-1395839 1395843-1395845 \
  1395849-1395851 1395891 1395893 1395921-1395923 1395925 1395926 1395930-1395933 \
  1395936-1395938 1395942 1395943 1395948-1395950 1395952 1395953 1395956-1395958 \
  1395960-1395962 1395965-1395967 1395971-1395973 1395979 1395983 1395984 1395988-1395991 \
  1395995-1395997 1396000-1396002 1396004-1396006 1396010 1396011 1396014-1396016 \
  1396019-1396021 1396025 1396026 1396031-1396033 1396037-1396039 1396044 1396045 \
  1396050 1396051 1396053-1396055 1396059 1396062-1396064 1396066 1396070 1396071 \
  1396077 1396078 1396082 1396083 1396089 1396090 1396094 1396095 1396107-1396109 \
  1396111 1396112 1396114 1396122 1396123 1396132 1396140 1396145-1396147 1396154-1396158 \
  1396163 1396164 1396168 1396176-1396179 1396182 1396192-1396194 1396200-1396202 \
  1396206-1396209 1396213-1396216 1396221-1396223 1396230-1396233 1396238 1396239 \
  1396326-1396329 1396331-1396335 1396337 1396338 1396340-1396342 1396345 1396346 \
  1396348-1396350 1396352 1396353 1396355-1396359 1396362-1396366 1396368-1396370 \
  1396373 1396374 1396376-1396380 1396383 1396384 1396387-1396389 1396392 1396395 \
  1396401 1396402 1396406 1396411 1396483 1396486 1396487 1396688-1396690 1396693-1396695 \
  1396732-1396734 1396737 1396738 1396793 1396795 1396796 1396798-1396804 1396807-1396810 \
  1396814-1396817 1396819 1396820 1396822-1396825 1396830-1396833 1396837-1396841 \
  1396846-1396848 1396850-1396852 1396855-1396858 1396864-1396869 1396873-1396877 \
  1396881-1396884 1396887 1396888 1396902 1396904-1396907 1396910-1396914 1396918-1396922 \
  1396925-1396928 1396931-1396935 1396938-1396942 1396945-1396947 1396950 1396951 \
  1396953-1396955 1396957 1396958 1396961 1396962 1396965 1396966 1396976 1396977 \
  1396979-1396982 1396987-1396991 1396997-1397001 1397005 1397007-1397012 1397015 \
  1397019-1397021 1397023 1397026 1397027 1397040 1397043-1397045 1397048 1397049 \
  1397052 1397055-1397057 1397059 1397063-1397065 1397068-1397071 1397073 1397076-1397078 \
  1397081 1397085 1397089-1397092 1397095-1397099 1397101-1397105 1397110-1397114 \
  1397117-1397119 1397121 1397122 1397127-1397129 1397132-1397136 1397139 1397147-1397153 \
  1397155 1397157 1397158 1397164 1397165 1397167 1397169 1397170 1397175-1397177 \
  1397179-1397181 1397186 1397188-1397190 1397194-1397197 1397203-1397207 1397212 \
  1397213 1397215 1397216 1397218 1397227-1397232 1397236-1397239 1397243 1397245 \
  1397246 1397250 1397251 1397254 1397256-1397259 1397263 1397272 1397273 1408324-1408326 \
  1408329 1408331 1408333 1408334 1408337-1408342 1408346 1408349-1408351 1408354 \
  1408357-1408361 1408364 1408366-1408369 1408374-1408378 1408381-1408385 1408390-1408393 \
  1408398-1408402 1408407-1408411 1408414-1408417 1408430-1408435 1443302-1443500 \
  1443640-1443684 1443687-1443693 1443697-1443735 1443769-1443836 1443840-1443861 \
  1443871 1443872 1443879 1443880 1443883 1443892-1443899 1443916-1444242 1444317-1444321 \
  1444339-1444381 1444592 1444595-1444609 1444616-1444618 1444620-1444655 1444657-1444673 \
  1444680-1444682 1444689 1444691-1444713 1444724-1445319 1445708-1445759 1445763-1445766 \
  1445886-1445898 1445900-1445902 1445909 1445910 1445912-1446113 1446180-1446268 \
  1446272-1446292 1446297-1446301 1446306-1446326 1446341-1446379 1446387-1446421 \
  1446425-1446432 1446519-1446706 1446739-1446821 1446825 1446833-1446840 1446844-1446850 \
  1446852-1446861 1446994-1447027 1447031-1447040 1447044 1447045 1447052-1447059 \
  1447272-1447284 1447286-1447310 1447315-1447326 1447329-1447345 1447348-1447376 \
  1447378-1447411 1447417 1447419-1447430 1447433-1447440 1447444-1447447 1447450-1447485 \
  1447491 1447493-1447582 1447584-1447589 1447591-1447595 1447621-1447673 1447713-1448210 \
  1448222 1448236-1448249 1448284-1448301 1448303-1448309 1448328 1448330-1448421 \
  1448439-1448463 1448468 1448471-1448501 1448508 1448511 1448512 1448574-1448594 \
  1448598-1448612 1448616-1448629 1448637-1448655 1448661-1448673 1448683-1448731 \
  1448742 1448744 1448746-1448754 1448757-1448760 1448770-1448773 1448781-1448786 \
  1448819-1448827 1448832-1448837 1448842-1448853 1448862-1448887 1448898-1448904 \
  1448910-1448940 1448944-1448950 1448953 1448954 1448975-1449007 1449010-1449018 \
  1449020 1449082 1449084-1449088 1449090 1449093 1449095-1449302 1449304-1451519 \
  1451543-1451640 1451644-1451647 1451669-1451691 1451694 1451698-1451705 1451711 \
  1451712 1451718 1451720-1451729 1452115-1452131 1452133-1452143 1452154-1452171 \
  1452196-1452210 1452215-1452242 1452267-1452284 1452314 1452315 1452318-1452557 \
  1452560 1452584-1452587 1452657-1452670 1452677 1452876-1452893 1452898-1452927 \
  1452935-1453116 1453281-1453285 1453333-1453367 1453375-1453382 1453406-1453410 \
  1453421 1453423 1453427-1453462 1453593-1453720 1453746-1453750 1453753-1453761 \
  1453764 1453846 1453847 1453851-1453952 1453990-1454003 1454005 1454006 1454008-1454019 \
  1454193-1454196 1454213-1454219 1454221-1454237 1454292-1454618 1454678-1454684 \
  1454686 1454687 1454689 1454690 1454699-1454721 1454726 1454728 1454740-1454781 \
  1454797-1455050 1455052 1455053 1455055-1455058 1455436-1455498 1455541-1455641 \
  1455643-1455647 1455649-1455651 1455653 1455655-1455671 1455677 1455678 1455682-1455684 \
  1455688-1455797 1455803-1455809 1455811-1455814 1455858-1455872 1455892-1455914 \
  1455925-1455945 1455947-1455956 1456110-1456122 1456135 1456136 1456139-1456248 \
  1456365-1456377 1456383-1456386 1456399-1456404 1456423-1456426 1456436-1456441 \
  1456452 1456454 1456457 1456459 1456462 1456464 1456514-1456526 1456543 1456549-1456562 \
  1456567-1456579 1456590-1456595 1456597 1456601-1456606 1456608-1456628 1456634 \
  1456635 1456637-1456646 1456650-1456670 1456672-1456674 1456681-1456685 1456687-1456691 \
  1456695-1456698 1456700 1456703 1456711-1456837 1458522-1458539 1458546 1458547 \
  1458550-1458585 1458590-1458598 1458600-1458604 1458619-1458625 1458631-1458669 \
  1458712-1458715 1458938-1458950 1458954-1459006 1459011-1459017 1459019-1459025 \
  1459029-1459038 1459044-1459466 1459500-1459558 1459759-1460180 1460183-1460187 \
  1460214-1460302 1460399-1460449 1461044-1461046 1461541-1461546 1461561-1461570 \
  1461574 1461575 1461588 1461589 1461591 1461600 1461603-1461606 1465420-1465423 \
  1465435 1465436 1465441 1465446-1465448 1465452 1470983-1470988 1471009 1471013-1471015 \
  1471018 1471020 1471021 1471231 1471232 1471237-1471239 1471242-1471246 1471248-1471252 \
  1471362-1471384 1471596 1472627 1472633-1472638 1472643-1472647 1490084-1490088 \
  1490210 1490211 1490227-1490246 1494966 1494967 1494970-1494972 1531716-1531758 \
  1531763-1531768 1531770-1531782 1531793-1531945 1531949-1532004 1532008-1532024 \
  1532035 1532036 1532042-1532057 1532063 1532064 1532066 1532067 1532070 1532077-1532143 \
  1532147-1532168 1532172 1532174 1532178-1532180 1532186-1532217 1532227-1532229 \
  1532233-1532743 1691484 1691487 1691493 1691495 1702716-1702718 1702723 1702724 \
  1702734 1702736 1702737 1702741 1702742 1702746 1702747 1702797 1702798 1702800 \
  1702801 1702805-1702807 1702813-1702815 1702820-1702822 1703136 1703157 1703158 \
  1703164 1703165 1703278 1703282 1703516-1703519 1703528-1703532 1703537-1703540 \
  1703542 1703543 1703549-1703552 1703556-1703561 1703566-1703569 1703573-1703578 \
  1703581-1703584 1703588-1703592 1703596-1703600 1703605-1703610 1703615-1703619 \
  1703624-1703626 1703636 1703638-1703640 1703645-1703649 1703654-1703656 1703700 \
  1703702 1703703 1703708 1703717-1703719 1703723 1703724 1703729 1703733 1703740-1703744 \
  1703748-1703750 1703755 1703756 1703765 1703766 1703768 1703778-1703785 1703789-1703793 \
  1703799-1703803 1703807-1703810 1703816-1703818 1703822 1703823 1703826-1703829 \
  1703837-1703839 1703843-1703846 1703851-1703855 1703860-1703864 1703869-1703872 \
  1703878-1703880 1703885 1703886 1703900 1703901 1703903 1703904 1703906-1703909 \
  1703912 1703916-1703920 1703925-1703929 1703934-1703938 1703943-1703945 1703949 \
  1703950 1703962-1703966 1703971-1703974 1703979 1703980 1703982 1703983 1703986-1703990 \
  1703994-1703997 1704000-1704003 1704008-1704011 1704016-1704020 1704024 1704025 \
  1704030-1704033 1704038 1704039 1704048 1704058 1704066-1704068 1704072-1704074 \
  1704078-1704080 1704085 1704086 1704088 1704089 1704092-1704096 1704102-1704107 \
  1704113-1704116 1704120-1704123 1704131-1704135 1704140-1704143 1704147 1704158 \
  1704159 1704161-1704166 1704168-1704171 1704174-1704179 1704181-1704186 1704188-1704190 \
  1704195-1704198 1704202 1704203 1704209 1704216-1704218 1704220 1704223-1704225 \
  1704227 1704228 1704231-1704236 1704241-1704244 1704250-1704255 1704259-1704261 \
  1704266 1704267 1704279-1704282 1704286-1704288 1704292 1704293 1704297-1704299 \
  1704301 1704302 1704305-1704307 1704310 1704311 1704314-1704316 1704318 1704319 \
  1704325-1704329 1704333-1704335 1704338 1704339 1704343-1704345 1704347 1704348 \
  1704351-1704353 1704355 1704356 1704365-1704367 1704369 1704370 1704375-1704378 \
  1704381 1704382 1704385-1704387 1704393-1704399 1704404-1704406 1704410-1704413 \
  1704420-1704424 1704428-1704432 1704436-1704440 1704445-1704449 1704454-1704458 \
  1704463-1704467 1704473-1704477 1704482-1704486 1704490-1704493 1704498-1704501 \
  1704506-1704508 1704513-1704516 1704521-1704523 1704528 1704529 1704534 1704542-1704544 \
  1704549 1704554 1704563-1704566 1704571-1704573 1704579 1704580 1704585 1704594-1704596 \
  1704601 1704606 1704618-1704620 1704622 1704623 1704627-1704631 1704636-1704640 \
  1704645-1704649 1704653-1704656 1704661-1704666 1704672-1704674 1704679-1704685 \
  1704690-1704693 1704698-1704702 1704707-1704711 1704716-1704718 1704723-1704726 \
  1704730 1704731 1704740-1704742 1704747 1704752 1704753 1704761 1704771-1704774 \
  1704780-1704784 1704788-1704790 1704792 1704793 1704797-1704801 1704805-1704807 \
  1704810 1704811 1704816-1704818 1704821 1704822 1704825-1704827 1704829 1704830 \
  1704835-1704839 1704843-1704846 1704848 1704849 1704855-1704858 1704862-1704865 \
  1704870-1704874 1704880-1704883 1704889-1704893 1704898-1704902 1704908-1704912 \
  1704918-1704922 1704928-1704932 1704937-1704940 1704945-1704948 1704954-1704956 \
  1704960-1704963 1704970-1704972 1704977-1704979 1704990 1704991 1704999 1705000 \
  1705014 1705024-1705026 1705031-1705033 1705041 1705054-1705058 1705063-1705067 \
  1705071-1705075 1705081-1705083 1705085 1705086 1705090-1705092 1705094 1705095 \
  1705098-1705100 1705105-1705107 1705115 1705116 1705123 1705124 1705129-1705131 \
  1705137-1705139 1705143-1705145 1705151-1705153 1705159 1705160 1705165-1705168 \
  1705174-1705176 1705184-1705187 1705194-1705196 1705202 1705203 1705210 1705224 \
  1705236 1705615 1705616 1705618-1705620 1705625-1705627 1705631-1705633 1705635-1705637 \
  1705641-1705643 1705649-1705651 1705655-1705657 1705660-1705662 1705664-1705666 \
  1705669-1705671 1705674-1705676 1705679 1705680 1705684-1705687 1705691-1705693 \
  1705695-1705697 1705700-1705703 1705706-1705708 1705714-1705716 1705723-1705725 \
  1705732-1705734 1705739-1705742 1705748-1705750 1705754-1705756 1705758-1705760 \
  1705763-1705765 1705768-1705770 1705775-1705777 1705783-1705788 1705791-1705794 \
  1705796-1705798 1705801-1705803 1705806-1705808 1705810-1705812 1705815 1705818 \
  1705819 1705823-1705825 1705829 1705830 1705833 1705834 1705836-1705839 1705841-1705843 \
  1705847-1705849 1705851-1705856 1705858-1705860 1705863-1705865 1705867-1705869 \
  1705871-1705873 1705876-1705878 1705881 1705882 1705885-1705887 1705890-1705892 \
  1705894 1705895 1705898-1705900 1705903-1705905 1705907-1705909 1705912-1705915 \
  1705917-1705919 1705922-1705924 1705928-1705930 1705935-1705937 1705940-1705949 \
  1705952-1705954 1705957-1705959 1705962-1705969 1705972 1705973 1705975-1705977 \
  1705980-1705982 1705986-1705988 1705991 1705992 1705995-1705998 1706000 1706001 \
  1706003 1706004 1706008-1706011 1706014 1706015 1706019-1706023 1706030-1706033 \
  1706043-1706047 1706055-1706059 1706064-1706067 1706074-1706078 1706083-1706087 \
  1706092-1706094 1706096 1706097 1706104 1706107 1706108 1706113 1706114 1706119 \
  1706163 1706165 1706168 1706176 1706177 1706179 1706180 1706186-1706190 1706199-1706203 \
  1706208-1706212 1706217-1706221 1706228-1706232 1706237-1706241 1706249-1706253 \
  1706259-1706263 1706270-1706274 1706280-1706284 1706291-1706294 1706300-1706302 \
  1706306 1706307 1706310-1706312 1706317-1706321 1706327-1706331 1706333-1706337 \
  1706340-1706344 1706348-1706352 1706355 1706356 1706359 1706365 1706366 1706410-1706413 \
  1706419-1706421 1706430-1706433 1706440-1706442 1706451 1706486 1706496-1706498 \
  1706505 1706510 1706522-1706525 1706531-1706533 1706538-1706540 1706548 1706549 \
  1706552 1706553 1706564-1706566 1706573 1706580 1706594 1706597-1706599 1706607 \
  1706610 1706615 1706618-1706620 1706627 1706628 1706736-1706739 1706746 1706747 \
  1706750-1706754 1706759-1706763 1706772-1706775 1706785-1706787 1706795-1706797 \
  1706803-1706805 1706809-1706811 1706818 1706819 1706825-1706830 1706838-1706840 \
  1706846-1706849 1706853 1706854 1706857-1706859 1706865 1706866 1706869-1706871 \
  1706876 1706877 1706879-1706881 1706886 1706887 1706889 1706895 1706896 1706899-1706902 \
  1706910 1706911 1706921-1706923 1706935 1706940 1706941 1706951 1706960-1706962 \
  1706966-1706970 1706976-1706980 1706986-1706990 1706995-1706999 1707004-1707008 \
  1707015-1707019 1707025-1707029 1707034-1707038 1707043-1707047 1707053-1707057 \
  1707062-1707066 1707071-1707075 1707082-1707086 1707092 1707094 1707172-1707174 \
  1707182 1707183 1707185-1707187 1707194 1707195 1707197-1707199 1707206 1707207 \
  1707209-1707211 1707218 1707219 1707221-1707223 1707229 1707230 1707232-1707234 \
  1707238 1707239 1707244-1707246 1707249 1707250 1707255-1707257 1707262 1707263 \
  1707267-1707269 1707273 1707274 1707281-1707283 1707286 1707287 1707293-1707295 \
  1707302 1707303 1707305-1707307 1707310 1707311 1707316-1707318 1707323 1707324 \
  1707329 1707330 1707335 1707336 1707339-1707342 1707351-1707353 1707358-1707361 \
  1707370-1707372 1707377-1707380 1707388-1707390 1707395 1707396 1707405 1707412 \
  1707427-1707430 1707437-1707439 1707443 1707452 1707464-1707467 1707471-1707473 \
  1707480 1707483 1707493 1707494 1707525 1707536-1707539 1707544-1707546 1707553 \
  1707564 1708312-1708316 1708323-1708327 1708334-1708338 1708343-1708347 1708352-1708356 \
  1708361-1708365 1708370-1708374 1708378-1708382 1708387-1708391 1708396-1708400 \
  1708405-1708409 1708414-1708418 1708423-1708427 1708433-1708437 1708441-1708445 \
  1708450-1708454 1708460-1708464 1708470-1708472 1708477-1708479 1708484 1708485 \
  1708489-1708491 1708497 1708498 1708500-1708502 1708507 1708508 1708511-1708513 \
  1708519 1708520 1708523-1708525 1708530 1708531 1708533-1708535 1708541 1708542 \
  1708544-1708546 1708550 1708551 1708556-1708558 1708561 1708562 1708567-1708569 \
  1708575 1708576 1708578-1708580 1708585 1708586 1708588-1708590 1708596-1708600 \
  1708606-1708610 1708616 1708617 1708619-1708621 1708627-1708631 1708636-1708640 \
  1708646 1708647 1708649-1708651 1708656-1708658 1708661-1708663 1708668-1708671 \
  1708675-1708677 1708684-1708687 1708694-1708696 1708706-1708709 1708714-1708716 \
  1708722 1708735 1708749-1708752 1708757-1708759 1708767 1708783 1708784 1708791 \
  1708804-1708807 1708816-1708818 1708823-1708826 1708834-1708836 1708842 1708856 \
  1708857 1708865 1708866 1708873 1708884-1708887 1708896-1708898 1708904 1708917-1708919 \
  1708927 1708932 1708933 1708943 1708953-1708958 1708963-1708968 1708974-1708977 \
  1708982-1708986 1708991-1708996 1709001-1709004 1709012-1709014 1709019-1709021 \
  1709027-1709029 1709036-1709039 1709048-1709052 1709060-1709064 1709070-1709074 \
  1709080-1709084 1709089-1709093 1709098-1709100 1709105-1709108 1709114 1709115 \
  1709127-1709129 1709136 1709143 1709144 1709151 1709159-1709162 1709167-1709171 \
  1709176-1709180 1709185-1709189 1709196-1709200 1709209-1709213 1709221-1709225 \
  1709231-1709235 1709241-1709245 1709253-1709257 1709266-1709270 1709278-1709282 \
  1709290-1709294 1709301-1709305 1709312-1709316 1709323-1709327 1709333-1709337 \
  1709343-1709347 1709351-1709355 1709360-1709364 1709370-1709374 1709383-1709387 \
  1709395-1709397 1709404-1709408 1709417-1709421 1709429-1709433 1709439-1709443 \
  1709450-1709454 1709461-1709465 1709473-1709477 1709483-1709487 1709496-1709500 \
  1709507-1709511 1709518-1709522 1709530-1709534 1709540-1709544 1709550-1709554 \
  1709559-1709563 1709568-1709572 1709577-1709581 1709586-1709590 1709597-1709601 \
  1709607-1709611 1709616-1709620 1709625-1709629 1709635-1709637 1709644-1709647 \
